129.8032837
127.5632858
130.7999573
128.0799561
125.6266251
132.0599518
129.686615
135.5499573
136.0132904
136.1399536
138.3066254
140.2266235
140.1632843
143.4766235
137.6266174
141.6699524
142.1199493
148.0399628
149.2099609
151.8366241
154.2332916
150.1866302
152.1032867
149.9232941
154.8366241
151.9132843
152.5932922
163.9832916
161.0532837
162.9732819
167.8432922
172.7399597
170.4966278
173.3032837
174.8266296
179.486618
180.8032837
172.6966248
180.9766235
176.6632843
184.3799591
185.0432892
182.0599518
186.6999512
190.966629
194.2432861
188.3832855
189.1266174
190.8532867
194.8266296
198.8532867
210.1766205
209.9932861
213.0166168
215.6532898
220.0566254
217.4466248
211.6999512
222.373291
222.0566254
216.6532898
229.6732941
238.5066223
236.2099609
232.9032898
236.6499634
242.3166199
247.873291
241.8499603
242.4366302
252.9332886
251.2566223
249.3432922
256.8799438
251.8332825
252.8766327
263.7466125
258.2366333
273.2399597
266.3499451
265.2032776
261.3632813
267.9866333
263.3299561
266.9666138
275.8199463
270.2799683
281.5666199
290.9666138
297.0699463
287.9732971
283.6999512
291.5932922
295.3066101
298.1166077
299.1766357
298.8966064
303.5832825
302.7532959
311.6632996
299.0366211
306.3499451
324.6333008
319.9899597
304.5966187
320.646637
321.4666138
310.5132751
317.7933044
308.5766296
307.686615
318.0666199
313.8566284
327.0832825
317.6632996
331.5066223
327.9399719
332.0499573
337.3432922
330.0299683
336.4299622
328.7566223
333.89328
338.4532776
346.3632813
342.1932983
347.1066284
348.8399658
343.0733032
348.6166077
341.436615
352.6333008
358.14328
353.7266235
343.0899658
342.3399658
351.5799561
350.8999634
362.5932922
367.7532959
362.4266357
360.0432739
357.3266296
352.4566345
357.2166138
353.0466309
360.7132874
354.2266235
360.0399475
368.5866089
367.4832764
367.8399658
358.7632751
365.4632874
361.7066345
374.4199524
367.103302
365.7466125
358.1299438
367.8132935
372.8666382
373.5199585
379.7432861
378.2766113
390.2199707
392.2366333
387.7499695
381.3032837
390.6366272
401.353302
397.5532837
393.853302
397.4666138
390.7366333
384.89328
388.9899597
381.5966187
383.2999573
384.1132813
379.8833008
367.6199646
382.2466125
384.1132813
391.3866272
390.0999451
394.896637
384.4132996
380.3566284
368.6266174
365.7699585
372.1566162
375.3032837
375.9299622
370.4566345
370.0166321
358.14328
365.3866272
358.686615
364.4099426
368.1966248
355.1099548
352.7166138
339.8899536
338.7866211
343.4632874
349.8599548
342.4066162
345.0266113
340.9566345
339.3899536
340.4066162
335.2532959
326.3632813
326.7899475
344.2099609
349.1699524
347.7499695
349.7799683
349.2432861
336.0532837
336.2966309
332.603302
337.72995
342.8166199
333.8399658
327.9699707
314.3632813
325.8699646
331.0166321
318.8632813
321.8332825
320.6166382
322.64328
320.5666199
311.8066101
312.5699463
316.7432861
306.6566162
306.353302
316.5966187
316.4466248
311.2666321
303.5433044
308.4832764
303.4299622
292.9466248
288.5866089
288.7899475
285.9699707
287.5532837
283.7866211
284.5199585
281.5466309
281.4599609
279.6966248
289.8866272
278.4532776
286.5999451
282.4632874
277.5766296
256.9032898
259.416626
260.2732849
269.14328
270.8299561
263.7999573
264.2466125
252.2966156
258.6832886
254.6332855
249.4199524
248.1799622
245.1799622
230.7566223
227.6966248
234.4766235
233.9899597
239.3266296
229.5832977
227.8199615
231.0499573
229.7466278
224.1966248
212.2966309
221.759964
217.7766266
222.1832886
218.8766174
217.8166199
212.0132904
201.5399628
204.0399628
205.3466187
201.3799591
197.6932983
191.1499634
183.2199554
192.3632965
184.8899536
184.7066193
179.4432831
168.5132904
168.0566254
178.7032928
175.0932922
176.6266174
172.7899628
176.466629
168.2199554
164.8266296
160.3766174
157.029953
158.7266235
151.666626
147.4532928
153.2266235
151.4266205
153.8299561
159.8532867
152.779953
144.2699585
145.0766296
149.0566254
142.6966248
137.1766205
139.1699524
144.47995
139.5799561
133.8899536
142.0932922
138.5566254
131.0799561
136.0132904
137.0499573
132.0099487
132.7966156
137.323288
134.436615
130.0866241
127.5366211
122.283287
126.9999542
125.369957
128.2532959
125.5599518
122.5499573
123.7899551
130.5066223
124.0432892
128.0232849
128.8199615
128.2699585
123.4899597
129.4266205
126.1399536
125.3832932
130.0532837
129.623291
131.5466156
125.7166214
126.7999573
127.0199585
123.3199539
126.7132874
128.72995
